25
25 500
i 25 : The key already exists
25 500
25 33 500
25 33 49 500
17 25 33 49 500
17 25 33 49 403 500
17 25 29 33 49 403 500
17 25 29 33 49 105 403 500
17 25 29 33 39 49 105 403 500
17 25 29 33 39 49 66 105 403 500
17 25 29 33 39 49 66 105 305 403 500
17 25 29 33 39 44 49 66 105 305 403 500
17 19 25 29 33 39 44 49 66 105 305 403 500
17 19 25 29 33 39 44 49 66 105 305 403 441 500
17 19 25 29 33 39 44 49 66 105 305 390 403 441 500
12 17 19 25 29 33 39 44 49 66 105 305 390 403 441 500
12 17 19 25 29 33 39 44 49 66 81 105 305 390 403 441 500
12 17 19 25 29 33 39 44 49 50 66 81 105 305 390 403 441 500
12 17 19 25 29 33 39 44 49 50 66 81 100 105 305 390 403 441 500
12 17 19 25 29 33 39 44 49 50 66 81 100 105 305 390 403 441 500 999
12 17 19 29 33 39 44 49 50 66 81 100 105 305 390 403 441 500 999
12 17 19 29 33 39 44 49 50 66 81 100 105 305 390 403 441 999
d 25 : The key does not exist
12 17 19 29 33 39 44 49 50 66 81 100 105 305 390 403 441 999
12 17 19 29 39 44 49 50 66 81 100 105 305 390 403 441 999
12 17 19 29 39 44 50 66 81 100 105 305 390 403 441 999
12 19 29 39 44 50 66 81 100 105 305 390 403 441 999
12 19 29 39 44 50 66 81 100 105 305 390 441 999
12 19 39 44 50 66 81 100 105 305 390 441 999
12 19 39 44 50 66 81 100 305 390 441 999
12 19 44 50 66 81 100 305 390 441 999
12 19 44 50 81 100 305 390 441 999
12 19 44 50 81 100 390 441 999
12 19 50 81 100 390 441 999
12 50 81 100 390 441 999
12 50 81 100 390 999
12 50 81 100 999
50 81 100 999
50 100 999
100 999
999

25
25 500
i 25 : The key already exists
25 500
25 33 500
25 33 49 500
17 25 33 49 500
17 25 33 49 403 500
17 25 29 33 49 403 500
17 25 29 33 49 105 403 500
17 25 29 33 39 49 105 403 500
17 25 29 33 39 49 66 105 403 500
17 25 29 33 39 49 66 105 305 403 500
17 25 29 33 39 44 49 66 105 305 403 500
17 19 25 29 33 39 44 49 66 105 305 403 500
17 19 25 29 33 39 44 49 66 105 305 403 441 500
17 19 25 29 33 39 44 49 66 105 305 390 403 441 500
12 17 19 25 29 33 39 44 49 66 105 305 390 403 441 500
12 17 19 25 29 33 39 44 49 66 81 105 305 390 403 441 500
12 17 19 25 29 33 39 44 49 50 66 81 105 305 390 403 441 500
12 17 19 25 29 33 39 44 49 50 66 81 100 105 305 390 403 441 500
12 17 19 25 29 33 39 44 49 50 66 81 100 105 305 390 403 441 500 999
12 17 19 29 33 39 44 49 50 66 81 100 105 305 390 403 441 500 999
12 17 19 29 33 39 44 49 50 66 81 100 105 305 390 403 441 999
d 25 : The key does not exist
12 17 19 29 33 39 44 49 50 66 81 100 105 305 390 403 441 999
12 17 19 29 39 44 49 50 66 81 100 105 305 390 403 441 999
12 17 19 29 39 44 50 66 81 100 105 305 390 403 441 999
12 19 29 39 44 50 66 81 100 105 305 390 403 441 999
12 19 29 39 44 50 66 81 100 105 305 390 441 999
12 19 39 44 50 66 81 100 105 305 390 441 999
12 19 39 44 50 66 81 100 305 390 441 999
12 19 44 50 66 81 100 305 390 441 999
12 19 44 50 81 100 305 390 441 999
12 19 44 50 81 100 390 441 999
12 19 50 81 100 390 441 999
12 50 81 100 390 441 999
12 50 81 100 390 999
12 50 81 100 999
50 81 100 999
50 100 999
100 999
999
